density=1000
iterations = 10000
x_min = -0.777120613150274923773
x_max = -0.777120273471042550002
y_min = 0.126857111509958518545
y_max = 0.126857366062765260933
